6.2   73   410   1560   -1      
0.7085   2.12E-10               
0.8   2.10E-10               
1   2.08E-10               
1.5   0.002235259               
1.55   0.001780507               
1.6   0.001553467               
1.65   0.001327719               
1.7   0.001103257               
1.75   0.000880075               
1.8   0.000658164               
1.85   0.000438147               
1.9   0.00021876               
1.95   2.18E-05               
2   2.18E-07               
2.05   2.18E-09               
2.3   2.16E-09               
2.4   2.14E-07               
2.5   2.12E-06               
2.6   2.11E-05               
2.65   0.000209608               
2.75   0.000207546               
2.8   0.000206671               
2.85   0.000411022               
2.95   0.000610508               
3   0.000809465               
3.05   0.001004787               
3.15   0.001189078               
3.25   0.001563611               
3.3   0.001938369               
3.4   0.002094442               
3.5   0.002247675               
3.6   0.002211327               
3.75   0.00198375               
3.8   0.001970467               
3.85   0.001957301               
3.9   0.001944253               
3.95   0.002104069               
4.012   0.014293784               
4.024   0.014577402               
4.035   0.014690917               
4.047   0.014822534               
4.059   0.014934848               
4.07   0.015065551               
4.082   0.015176673               
4.094   0.015306468               
4.106   0.015416407               
4.118   0.01569361               
4.13   0.01580197               
4.142   0.01590969               
4.154   0.016036947               
4.167   0.016143509               
4.179   0.016395884               
4.191   0.016500784               
4.204   0.016625909               
4.217   0.01687507               
4.229   0.016977818               
4.242   0.01707995               
4.255   0.017303994               
4.268   0.017404405               
4.281   0.017647384               
4.294   0.017888945               
4.307   0.01796439               
4.32   0.01820328               
4.333   0.018440771               
4.347   0.018817735               
4.36   0.01905202               
4.374   0.019284923               
4.388   0.019516451               
4.401   0.019885745               
4.415   0.020114117               
4.417   0.021424939               
4.429   0.020479385               
4.443   0.020704626               
4.457   0.021065894               
4.485   0.021755017               
4.5   0.021973412               
4.514   0.02232589               
4.529   0.022676176               
4.543   0.023158708               
4.558   0.023341653               
4.573   0.023551622               
4.588   0.024159095               
4.603   0.024762371               
4.618   0.02481475               
4.633   0.024734999               
4.648   0.025483017               
4.664   0.026420283               
4.679   0.026998917               
4.695   0.027533522               
4.711   0.028683102               
4.726   0.029911552               
4.742   0.031069564               
4.758   0.032213268               
4.774   0.033235556               
4.791   0.034363427               
4.807   0.035926521               
4.824   0.036933614               
4.84   0.036985699               
4.857   0.038513333               
4.874   0.041696612               
4.891   0.04286583               
4.908   0.042707853               
4.925   0.042340668               
4.942   0.041923402               
4.96   0.04184335               
4.977   0.042520714               
4.995   0.044798521               
5.013   0.045595567               
5.031   0.045595567               
5.049   0.045332466               
5.067   0.04500768               
5.085   0.045477364               
5.103   0.045761475               
5.122   0.045800896               
5.141   0.048060382               
5.16   0.049850272               
5.179   0.049116884               
5.198   0.045968554               
5.217   0.041907683               
5.236   0.039574733               
5.256   0.037266584               
5.276   0.035267826               
5.296   0.037550958               
5.315   0.039528426               
5.336   0.04080455               
5.356   0.038358579               
5.377   0.035595333               
5.397   0.032628812               
5.418   0.030767366               
5.439   0.030092836               
5.46   0.030546001               
5.481   0.028249784               
5.503   0.026946575               
5.524   0.026631469               
5.546   0.028721295               
5.568   0.025571831               
5.59   0.023344671               
5.612   0.024358368               
5.635   0.023777273               
5.657   0.022207999               
5.68   0.019486679               
5.703   0.015590672               
5.726   0.01640941               
5.75   0.017764014               
5.774   0.017489244               
5.797   0.014574002               
5.821   0.014353972               
5.846   0.015820588               
5.87   0.016530639               
5.894   0.016666014               
5.919   0.017344625               
5.944   0.020682238               
5.969   0.021915576               
5.995   0.019773744               
6.021   0.018451047               
6.047   0.020048422               
6.073   0.022674705               
6.099   0.021258078               
6.125   0.024779786               
6.152   0.025355804               
6.179   0.026015664               
6.206   0.026609907               
6.234   0.025686819               
6.262   0.02491372               
6.29   0.027011727               
6.318   0.029143935               
6.346   0.028719923               
6.375   0.030887147               
6.404   0.03345964               
6.433   0.037171171               
6.463   0.038186526               
6.493   0.040333858               
6.523   0.040615063               
6.553   0.041204664               
6.584   0.043488349               
6.615   0.044833859               
6.646   0.045270383               
6.678   0.04438477               
6.709   0.047903176               
6.742   0.048019046               
6.774   0.046813936               
6.807   0.046681623               
6.84   0.045800039               
6.873   0.045641512               
6.907   0.046253063               
6.941   0.048450986               
6.976   0.049124427               
7.01   0.047807069               
7.045   0.046330118               
7.081   0.047977379               
7.117   0.049009008               
7.153   0.049505197               
7.189   0.05146533               
7.226   0.049021546               
7.264   0.052200626               
7.301   0.053510907               
7.339   0.053072185               
7.378   0.050473731               
7.417   0.050034487               
7.456   0.048439206               
7.496   0.04652595               
7.536   0.046627101               
7.576   0.049769722               
7.618   0.050880429               
7.659   0.049908573               
7.701   0.050589035               
7.743   0.049501564               
7.786   0.048893351               
7.829   0.049345644               
7.873   0.051186367               
7.917   0.050708444               
7.962   0.05165037               
8.008   0.053644176               
8.054   0.054812327               
8.1   0.055176826               
8.147   0.051652227               
8.194   0.053564062               
8.242   0.056886674               
8.29   0.056417804               
8.34   0.054868403               
8.389   0.054723363               
8.439   0.056877879               
8.491   0.061968809               
8.542   0.062767964               
8.594   0.06063119               
8.647   0.062439696               
8.701   0.067495592               
8.755   0.069238674               
8.809   0.067662392               
8.865   0.071069283               
8.921   0.078301496               
8.978   0.077757654               
9.036   0.077676232               
9.094   0.083814571               
9.153   0.092049087               
9.213   0.094393882               
9.274   0.097914785               
9.335   0.106356194               
9.398   0.112079395               
9.461   0.112125016               
9.525   0.11199779               
9.59   0.114904031               
9.656   0.119956317               
9.723   0.124311894               
9.79   0.123495207               
9.859   0.135063382               
9.928   0.128813424               
10   0.132764353               
10.07   0.136455722               
10.14   0.139672404               
10.22   0.15519997               
10.29   0.171020833               
10.37   0.179368174               
10.44   0.185838533               
10.52   0.203577681               
10.6   0.200965433               
10.68   0.21042425               
10.76   0.220093867               
10.85   0.230210713               
10.93   0.24332952               
11.02   0.260115182               
11.1   0.274104417               
11.19   0.283151068               
11.28   0.294455077               
11.37   0.300304777               
11.47   0.328857692               
11.56   0.333476885               
11.65   0.345459113               
11.75   0.364521905               
11.85   0.382428519               
11.95   0.388202707               
12.05   0.401402449               
12.16   0.415387368               
12.26   0.404195998               
12.37   0.41880009               
12.48   0.421744045               
12.59   0.406349083               
12.71   0.414770916               
12.82   0.394651964               
12.94   0.401248372               
13.06   0.402825715               
13.18   0.390001336               
13.31   0.399304559               
13.43   0.41346781               
13.56   0.397796128               
13.7   0.40034324               
13.83   0.391063812               
13.97   0.380378263               
14.11   0.412661406               
14.25   0.404254689               
14.4   0.38064965               
14.55   0.41968455               
14.7   0.432920869               
14.85   0.438557568               
15.01   0.460334742               
15.17   0.459657875               
15.34   0.492389517               
15.51   0.496510244               
15.68   0.522656996               
15.86   0.538443623               
16.04   0.578131868               
16.22   0.574134912               
16.41   0.584506388               
16.61   0.616105853               
16.8   0.633809904               
17.01   0.667686145               
17.21   0.684229651               
17.43   0.729341443               
17.65   0.751113437               
17.87   0.793987286               
18.1   0.775825102               
18.34   0.830173129               
18.58   0.841060578               
18.83   0.848805646               
19.08   0.876490029               
19.34   0.890959035               
19.61   0.93871645               
19.89   0.94604687               
20.18   0.994580768               
20.47   1.001813662               
20.77   1.052930712               
21.08   1.064306469               
21.4   1.13508102               
21.73   1.208265164               
22.07   1.217169189               
22.43   1.25840676               
22.79   1.387948325               
23.17   1.425592057               
23.55   1.49655391               
23.95   1.547915377               
24.37   1.484822069               
24.8   1.456873087               
25.24   1.32191188               
25.7   1.26341575               
26.18   1.151707753               
26.68   1.043656058               
27.19   0.865624571               
27.73   0.919278023               
28.29   0.827677208               
28.87   0.794639679               
29.47   0.588502464               
30.1   0.547481191               
30.76   0.547481191               
31.06625   0.40416719               
31.43003   0.388270253               
31.79806   0.372898075               
32.1704   0.357991827               
32.5471   0.343752274               
32.92822   0.330179965               
33.31379   0.317265018               
33.70388   0.304849843               
34.09855   0.292915782               
34.49782   0.281446465               
34.90178   0.270418786               
35.31046   0.259809068               
35.72393   0.249609637               
36.14225   0.23980208               
36.56546   0.230333959               
36.99363   0.221033962               
37.42681   0.215745013               
37.86506   0.207842133               
38.30844   0.199946154               
38.75702   0.192320109               
39.21085   0.184971076               
39.66999   0.177897982               
40.13451   0.171099332               
40.60447   0.164568516               
41.07993   0.158292651               
41.56096   0.152236912               
42.04762   0.14642163               
42.53999   0.140839754               
43.03811   0.135482121               
43.54207   0.130336614               
44.05193   0.125399341               
44.56776   0.120661708               
45.08963   0.116113821               
45.61761   0.111754565               
46.15178   0.107523805               
46.6922   0.103400996               
47.23894   0.099386224               
47.79209   0.095478861               
48.35172   0.091693651               
48.9179   0.088035412               
49.4907   0.084521788               
50.07022   0.081151795               
50.65652   0.077919513               
51.24969   0.074815946               
51.8498   0.071832871               
52.45694   0.068960564               
53.07119   0.0662309               
53.69263   0.06467532               
54.32136   0.06268853               
54.95744   0.060492332               
55.60097   0.058292299               
56.25203   0.056173918               
56.91072   0.05413522               
57.57712   0.05217313               
58.25132   0.050283108               
58.93343   0.048452727               
59.62351   0.046687706               
60.32168   0.044988564               
61.02802   0.043347858               
61.74263   0.041753877               
62.46561   0.04021063               
63.19706   0.038721759               
63.93708   0.037344869               
64.68575   0.03603143               
65.4432   0.034770444               
66.2095   0.033552059               
66.98479   0.032374078               
67.76916   0.031232574               
68.56271   0.030122889               
69.36555   0.029022293               
70.1778   0.027935644               
70.99954   0.026843988               
71.83093   0.025695897               
72.67204   0.02803186               
73.523   0.053922653               
74.38392   0.054278155               
75.25492   0.054307366               
76.13613   0.054302062               
77.02766   0.054289803               
77.92962   0.054284872               
78.84214   0.054291354               
79.76535   0.054325801               
80.69937   0.05436999               
81.64433   0.054365047               
82.60035   0.054378287               
83.56757   0.054418569               
84.54611   0.05448927               
85.53611   0.054607362               
86.5377   0.054509443               
87.55103   0.054183763               
88.57621   0.053570535               
89.6134   0.052957632               
90.66274   0.052354902               
91.72437   0.051763224               
92.79842   0.0511824               
93.88506   0.050614492               
94.98441   0.050059807               
96.09664   0.049518187               
97.22189   0.048989549               
98.36031   0.048474072               
99.51208   0.047970104               
100.6773   0.04747577               
101.8562   0.046991428               
103.0489   0.046506788               
104.2556   0.046013509               
105.4764   0.045477507               
106.7114   0.04495128               
107.961   0.044435868               
109.2252   0.043931561               
110.5042   0.04343872               
111.7981   0.042956478               
113.1072   0.042484629               
114.4317   0.042023211               
115.7716   0.041572575               
117.1273   0.041132129               
118.4988   0.040701684               
119.8863   0.040281966               
121.2902   0.039873456               
122.7104   0.039477241               
124.1473   0.039094338               
125.601   0.038314754               
127.0718   0.037470243               
128.5597   0.036595435               
130.0651   0.035736095               
131.5881   0.034893221               
133.129   0.03406897               
134.6879   0.033263468               
136.265   0.032476382               
137.8606   0.031707783               
139.4749   0.030957381               
141.1081   0.030224818               
142.7604   0.02950974               
144.4321   0.028811882               
146.1233   0.028130912               
147.8344   0.027466657               
149.5654   0.026819108               
151.3168   0.026155891               
153.0887   0.025471329               
154.8813   0.0248018               
156.6948   0.024149758               
158.5297   0.023514693               
160.386   0.022896051               
162.2641   0.022291704               
164.1641   0.021701987               
166.0864   0.021127065               
168.0312   0.020567755               
169.9988   0.020023776               
171.9894   0.019494737               
174.0033   0.018980253               
176.0408   0.0184805               
178.1022   0.017952588               
180.1877   0.017379189               
182.2976   0.016727454               
184.4323   0.016097824               
186.5919   0.015491408               
188.7768   0.014907544               
190.9873   0.014345246               
193.2237   0.013804025               
195.4863   0.013283096               
197.7753   0.012781711               
200.0912   0.012299115               
202.4342   0.011832199               
204.8046   0.011381632               
207.2028   0.0109482               
209.629   0.010531166               
212.0837   0.01013006               
214.5671   0.009744285               
217.0796   0.009373151               
219.6215   0.009016109               
222.1932   0.008675736               
224.795   0.008353252               
227.4273   0.008063505               
230.0903   0.007784161               
232.7846   0.007514653               
235.5104   0.007254576               
238.2682   0.007003594               
241.0582   0.006761392               
243.8809   0.006527658               
246.7366   0.006302076               
249.6258   0.006084354               
252.5488   0.005874229               
255.5061   0.005671451               
258.498   0.005475735               
261.5248   0.005286869               
264.5872   0.005103323               
267.6854   0.004921567               
270.8199   0.004726               
273.9911   0.004534242               
277.1994   0.004350244               
280.4453   0.004173721               
283.7292   0.004004371               
287.0515   0.003841907               
290.4128   0.003686047               
293.8134   0.003536517               
297.2539   0.003393078               
300.7346   0.003255477               
304.2561   0.003123462               
307.8188   0.002996825               
311.4232   0.002875038               
315.0699   0.002757808               
318.7592   0.002644952               
322.4918   0.002536737               
326.268   0.002432972               
330.0885   0.002333478               
333.9537   0.002238059               
337.8641   0.002146558               
341.8204   0.002058816               
345.8229   0.001974681               
349.8724   0.001893992               
353.9693   0.00181661               
358.1141   0.001742483               
362.3075   0.001674824               
366.5499   0.001610519               
370.8421   0.001549071               
375.1845   0.001489978               
379.5778   0.001433139               
384.0225   0.001378466               
388.5192   0.001325873               
393.0686   0.001275267               
397.6713   0.00122653               
402.3279   0.001179516               
407.039   0.00113412               
411.8052   0.002390632               
416.6273   0.00230364               
421.5058   0.002217516               
426.4415   0.00213421               
431.435   0.002053892               
436.4869   0.001975837               
441.598   0.001899926               
446.7689   0.001826368               
452.0004   0.001755661               
457.2932   0.001687688               
462.6479   0.001622337               
468.0653   0.001559498               
473.5461   0.001499095               
479.0912   0.001441032               
484.7011   0.001385208               
490.3768   0.001331521               
496.1189   0.001279844               
501.9283   0.001230079               
507.8057   0.001182041               
513.7518   0.001135817               
519.7676   0.001091387               
525.8539   0.001048718               
532.0115   0.001007769               
538.2411   0.000968438               
544.5437   0.000930656               
550.92   0.000894355               
557.3711   0.000859295               
563.8977   0.000825188               
570.5007   0.000791916               
577.181   0.000759401               
583.9396   0.000728204               
590.7773   0.000698278               
597.6951   0.000669571               
604.6938   0.000642046               
611.7746   0.000615655               
618.9382   0.000590348               
626.1857   0.00056607               
633.5181   0.000542687               
640.9363   0.000520164               
648.4415   0.000498463               
656.0344   0.000477555               
663.7164   0.000457528               
671.4882   0.000438445               
679.3511   0.000420421               
687.306   0.00040338               
695.3541   0.000387091               
703.4963   0.000371463               
711.734   0.000356295               
720.0682   0.000341645               
728.4998   0.000327567               
737.0303   0.000314071               
745.6606   0.00030113               
754.392   0.000288723               
763.2256   0.000276808               
772.1627   0.000265331               
781.2043   0.000254219               
790.352   0.000243524               
799.6067   0.000233247               
808.9697   0.000223402               
818.4425   0.000213973               
828.0261   0.000204942               
837.7219   0.000196293               
847.5314   0.000188027               
857.4556   0.00018012               
867.496   0.000172555               
877.6541   0.000165318               
887.931   0.000158384               
898.3284   0.000151742               
908.8474   0.000145379               
919.4896   0.000139285               
930.2565   0.000133417               
941.1495   0.000127783               
952.1699   0.000122383               
963.3195   0.000117205               
974.5995   0.000112245               
986.0117   0.000107496               
997.5574   0.000102952               
1009.238   9.86E-05               
1021.056   9.45E-05               
1033.012   9.05E-05               
1045.109   8.67E-05               
1057.346   8.30E-05               
1069.727   7.95E-05               
1082.254   7.61E-05               
1094.926   7.28E-05               
1107.747   6.97E-05               
1120.719   6.68E-05               
1133.842   6.39E-05               
1147.119   6.12E-05               
1160.551   5.86E-05               
1174.141   5.61E-05               
1187.889   5.37E-05               
1201.799   5.14E-05               
1215.872   4.92E-05               
1230.109   4.71E-05               
1244.513   4.51E-05               
1259.086   4.32E-05               
1273.829   4.13E-05               
1288.745   3.95E-05               
1303.836   3.78E-05               
1319.103   3.62E-05               
1334.549   3.47E-05               
1350.177   3.32E-05               
1365.986   3.18E-05               
1381.982   3.04E-05               
1398.164   2.91E-05               
1414.536   2.78E-05               
1431.1   2.66E-05               
1447.857   2.55E-05               
1464.811   2.44E-05               
1481.963   2.33E-05               
1499.317   2.23E-05               
1516.873   2.13E-05               
1534.635   2.04E-05               
1552.605   1.95E-05               
1570.785   0.000102454               
1589.179   9.85E-05               
1607.787   9.46E-05               
1626.614   9.09E-05               
1645.661   8.74E-05               
1664.931   8.40E-05               
1684.427   8.07E-05               
1704.151   7.76E-05               
1724.105   7.46E-05               
1744.294   7.16E-05               
1764.719   6.87E-05               
1785.383   6.60E-05               
1806.289   6.33E-05               
1827.44   6.08E-05               
1848.839   5.83E-05               
1870.488   5.60E-05               
1892.39   5.37E-05               
1914.55   5.16E-05               
1936.968   4.95E-05               
1959.649   4.75E-05               
1982.596   4.56E-05               
2005.812   4.38E-05               
2029.299   4.20E-05               
2053.061   4.03E-05               
2077.102   3.87E-05               
2101.423   3.71E-05               
2126.03   3.56E-05               
2150.925   3.41E-05               
2176.112   3.27E-05               
2201.593   3.13E-05               
2227.373   3.01E-05               
2253.455   2.88E-05               
2279.842   2.76E-05               
2306.538   2.65E-05               
2333.546   2.54E-05               
2360.871   2.43E-05               
2388.516   2.33E-05               
2416.485   2.23E-05               
2444.781   2.14E-05               
2473.408   2.05E-05               
2502.371   1.96E-05               
2531.672   1.88E-05               
2561.317   1.80E-05               
2591.309   1.73E-05               
2621.652   1.65E-05               
2652.351   1.58E-05               
2683.409   1.52E-05               
2714.83   1.45E-05               
2746.62   1.39E-05               
2778.782   1.33E-05               
2811.32   1.27E-05               
2844.24   1.22E-05               
2877.544   1.17E-05               
2911.24   1.12E-05               
2945.329   1.07E-05               
2979.817   1.03E-05               
3014.71   9.81E-06               
3050.011   9.39E-06               
3085.725   8.99E-06               
3121.858   8.61E-06               
3158.414   8.24E-06               
3195.397   7.88E-06               
3232.814   7.54E-06               
3270.669   7.22E-06               
3308.967   6.91E-06               
3347.714   6.61E-06               
3386.915   6.32E-06               
3426.574   6.05E-06               
3466.698   5.79E-06               
3507.291   5.54E-06               
3548.36   5.30E-06               
3589.91   5.07E-06               
3631.946   4.85E-06               
3674.475   4.64E-06               
3717.502   4.44E-06               
3761.032   4.24E-06               
3805.072   4.06E-06               
3849.628   3.88E-06               
3894.706   3.71E-06               
3940.311   3.55E-06               
3986.45   3.40E-06               
4033.13   3.25E-06                 
4080.357   3.11E-06               
4128.136   2.97E-06               
4176.475   2.84E-06               
4225.38   2.72E-06               
4274.857   2.60E-06               
4324.914   2.48E-06               
4375.557   2.37E-06               
4426.793   2.27E-06               
4478.629   2.17E-06               
4531.072   2.08E-06               
4584.129   1.98E-06               
4637.807   1.90E-06               
4692.114   1.81E-06               
4747.057   1.73E-06               
4802.643   1.66E-06               
4858.88   1.58E-06               
4915.775   1.51E-06               
4973.337   1.45E-06               
5031.573   1.38E-06               
5090.491   1.32E-06               
5150.098   1.26E-06               
5210.404   1.21E-06               
5271.416   1.15E-06               
5333.142   1.10E-06               
5395.591   1.05E-06               
5458.771   1.01E-06               
5522.691   9.63E-07               
5587.359   9.21E-07               
5652.785   8.80E-07               
5718.977   8.41E-07               
5785.944   8.03E-07               
5853.695   7.68E-07               
5922.239   7.34E-07               
5991.586   7.01E-07               
6061.746   6.70E-07               
6132.726   6.40E-07               
6204.538   6.11E-07               
6277.19   5.84E-07               
6350.694   5.58E-07               
6425.058   5.33E-07               
6500.292   5.10E-07               
6576.408   4.87E-07               
6653.416   4.65E-07               
6731.324   4.44E-07               
6810.145   4.25E-07               
6889.889   4.06E-07               
6970.567   3.87E-07               
7052.19   3.70E-07               
7134.768   3.54E-07               
7218.313   3.38E-07               
7302.836   3.23E-07               
7388.35   3.08E-07               
7474.865   2.94E-07               
7562.392   2.81E-07               
7650.945   2.69E-07               
7740.535   2.57E-07               
7831.173   2.45E-07               
7922.873   2.34E-07               
8015.646   2.24E-07               
8109.507   2.14E-07               
8204.465   2.04E-07               
8300.536   1.95E-07               
8397.732   1.86E-07               
8496.066   1.78E-07               
8595.552   1.70E-07               
8696.202   1.62E-07               
8798.031   1.55E-07               
8901.053   1.48E-07               
9005.281   1.41E-07               
9110.729   1.35E-07               
9217.411   1.29E-07               
9325.344   1.23E-07               
9434.539   1.17E-07               
9545.015   1.12E-07               
9656.783   1.07E-07               
9769.859   1.02E-07               
9884.261   9.77E-08               
10000   9.33E-08               
-1   -1             
