72.78   87.01   1323.50   1358.70   1529.30   1559.80   11865.00   -1.00
2.480E-02   4.025915E-04                  
3.100E-02   7.369354E-04                  
3.720E-02   1.739876E-03                  
3.844E-02   2.173567E-03                  
3.968E-02   2.733784E-03                  
4.092E-02   3.513616E-03                  
4.215E-02   4.895563E-03                  
4.339E-02   6.899984E-03                  
4.401E-02   8.417391E-03                  
4.463E-02   1.056647E-02                  
4.486E-02   1.154128E-02                  
4.525E-02   1.361482E-02                  
4.587E-02   1.828325E-02                  
4.649E-02   2.547986E-02                  
4.711E-02   3.829965E-02                  
4.773E-02   6.445987E-02         
4.835E-02   1.229763E-01         
4.897E-02   3.119534E-01         
4.959E-02   9.980821E-01         
5.021E-02   6.587594E-01         
5.083E-02   2.105309E-01         
5.145E-02   9.269352E-02         
5.207E-02   5.100216E-02         
5.331E-02   2.237868E-02         
5.579E-02   7.716638E-03         
6.199E-02   1.857972E-03         
7.439E-02   4.518168E-04         
8.679E-02   1.944500E-04         
2.100E+00   1.426422E-07         
2.200E+00   2.408919E-06         
2.300E+00   1.568645E-05         
2.400E+00   3.697200E-05         
2.500E+00   6.394467E-05         
2.600E+00   7.311090E-05         
2.700E+00   6.857247E-05         
2.800E+00   6.341538E-05         
2.900E+00   5.549074E-05         
3.000E+00   1.977471E-03         
3.100E+00   4.210216E-03         
3.200E+00   3.782742E-03         
3.300E+00   3.937416E-03         
3.400E+00   5.826852E-03         
3.500E+00   7.347303E-03         
3.600E+00   9.636792E-03         
3.700E+00   1.157285E-02         
3.800E+00   1.482843E-02         
3.900E+00   2.081467E-02         
4.000E+00   2.650096E-02         
4.100E+00   3.247187E-02         
4.200E+00   3.813689E-02         
4.300E+00   4.016955E-02         
4.400E+00   3.961250E-02         
4.500E+00   3.696267E-02         
4.600E+00   3.484816E-02         
4.700E+00   3.396813E-02         
4.800E+00   3.500734E-02         
4.900E+00   3.821302E-02         
5.000E+00   4.140420E-02         
5.100E+00   4.356146E-02         
5.200E+00   4.771767E-02         
5.300E+00   5.384117E-02         
5.400E+00   6.324212E-02         
5.500E+00   7.553038E-02         
5.600E+00   8.443617E-02                  
1.000E+01   3.800000E-01                  
1.100E+01   4.000000E-01                  
1.200E+01   6.000000E-01                  
1.300E+01   1.000000E+00                  
1.400E+01   2.000000E+00                  
1.500E+01   3.200000E+00                  
1.600E+01   3.400000E+00                  
1.700E+01   2.800000E+00                  
1.800E+01   1.800000E+00                  
1.900E+01   1.200000E+00                  
2.000E+01   8.000000E-01                  
2.100E+01   6.000000E-01                  
2.200E+01   4.000000E-01                  
2.300E+01   3.300000E-01                  
2.400E+01   2.800000E-01                  
2.500E+01   2.500000E-01                  
2.700E+01   2.000000E-01                  
3.000E+01   6.015363E-02                  
3.031E+01   5.652719E-02                  
3.062E+01   5.315942E-02                  
3.093E+01   5.002868E-02                  
3.125E+01   4.711657E-02                  
3.157E+01   4.440862E-02                  
3.190E+01   4.174408E-02                  
3.222E+01   3.911442E-02                  
3.255E+01   3.659697E-02                  
3.289E+01   3.425044E-02                  
3.323E+01   3.205702E-02                  
3.357E+01   3.040552E-02                  
3.391E+01   2.897768E-02                  
3.426E+01   2.763318E-02                  
3.461E+01   2.639079E-02                  
3.497E+01   2.523968E-02                  
3.533E+01   2.432618E-02                  
3.569E+01   2.345308E-02                  
3.606E+01   2.261809E-02                  
3.643E+01   2.198409E-02                  
3.680E+01   2.143972E-02                  
3.718E+01   2.100975E-02                  
3.756E+01   2.077341E-02                  
3.795E+01   2.062808E-02                  
3.834E+01   2.059384E-02                  
3.873E+01   2.095399E-02                  
3.913E+01   2.161928E-02                  
3.953E+01   2.289893E-02                  
3.994E+01   2.431320E-02                  
4.035E+01   2.587485E-02                  
4.076E+01   2.751512E-02                  
4.118E+01   2.925177E-02                  
4.160E+01   3.104145E-02                  
4.203E+01   3.226848E-02                  
4.246E+01   3.322872E-02                  
4.290E+01   3.377494E-02                  
4.334E+01   3.360992E-02                  
4.378E+01   3.300442E-02                  
4.423E+01   3.229390E-02                  
4.469E+01   3.159635E-02                  
4.514E+01   3.091139E-02                  
4.561E+01   3.020521E-02                  
4.608E+01   2.948690E-02                  
4.655E+01   2.873645E-02                  
4.703E+01   2.800313E-02                  
4.751E+01   2.728135E-02                  
4.800E+01   2.654626E-02                  
4.849E+01   2.594287E-02                  
4.899E+01   2.544024E-02                  
4.949E+01   2.527439E-02                  
5.000E+01   2.511664E-02                  
5.157E+01   2.586885E-02                  
5.277E+01   2.609743E-02                  
5.401E+01   2.612574E-02                  
5.527E+01   2.637670E-02                  
5.656E+01   2.663241E-02                  
5.788E+01   2.689313E-02                  
5.924E+01   2.736950E-02                  
6.062E+01   2.764071E-02                  
6.204E+01   2.812600E-02                  
6.349E+01   2.840050E-02                  
6.497E+01   2.867440E-02                  
6.647E+01   2.894168E-02                  
6.804E+01   2.900000E-02                  
6.963E+01   2.902746E-02                  
7.126E+01   2.875789E-02                  
7.292E+01   4.445830E-02                  
7.463E+01   4.536161E-02                  
7.637E+01   4.608000E-02                  
7.816E+01   4.673291E-02                  
7.999E+01   4.736720E-02                  
8.185E+01   4.799649E-02                  
8.377E+01   4.863225E-02                  
8.573E+01   4.929102E-02                  
8.773E+01   4.938011E-02                  
8.978E+01   4.902796E-02                  
9.188E+01   4.866181E-02                  
9.403E+01   4.828923E-02                  
9.622E+01   4.791755E-02                  
9.847E+01   4.734687E-02                  
1.008E+02   4.677240E-02                  
1.031E+02   4.619425E-02                  
1.055E+02   4.561389E-02                  
1.080E+02   4.482666E-02                  
1.105E+02   4.424192E-02                  
1.131E+02   4.365514E-02                  
1.158E+02   4.286392E-02                  
1.185E+02   4.227945E-02                  
1.212E+02   4.169922E-02                  
1.241E+02   4.092743E-02                  
1.270E+02   3.974474E-02                  
1.299E+02   3.854411E-02                  
1.330E+02   3.733147E-02                  
1.361E+02   3.611436E-02                  
1.393E+02   3.509917E-02                  
1.425E+02   3.387619E-02                  
1.458E+02   3.286066E-02                  
1.493E+02   3.163918E-02                  
1.527E+02   3.041313E-02                  
1.600E+02   2.815364E-02                  
1.675E+02   2.588995E-02                  
1.755E+02   2.403592E-02                  
1.837E+02   2.177392E-02                  
1.924E+02   1.966761E-02                  
2.015E+02   1.774283E-02                  
2.111E+02   1.604867E-02                  
2.211E+02   1.423331E-02                  
2.315E+02   1.260044E-02                  
2.425E+02   1.119646E-02                  
2.539E+02   9.937949E-03                  
2.659E+02   8.825956E-03                  
2.785E+02   7.757658E-03                  
2.917E+02   6.799286E-03                  
3.055E+02   5.932136E-03                  
3.199E+02   5.174707E-03                  
3.350E+02   4.520438E-03                  
3.509E+02   3.969181E-03                  
3.675E+02   3.459578E-03                  
3.848E+02   3.052287E-03                  
4.030E+02   2.666059E-03                  
4.221E+02   2.300707E-03                  
4.421E+02   2.006685E-03                  
4.630E+02   1.739269E-03                  
4.849E+02   1.504535E-03                  
5.078E+02   1.302381E-03                  
5.318E+02   1.124633E-03                  
5.570E+02   9.712348E-04                  
5.833E+02   8.361066E-04                  
6.109E+02   7.192315E-04                  
6.398E+02   6.185386E-04                  
6.700E+02   5.279774E-04                  
7.017E+02   4.555562E-04                  
7.349E+02   3.912076E-04                  
7.697E+02   3.369493E-04                  
8.060E+02   2.887382E-04                  
8.442E+02   2.465721E-04                  
8.841E+02   2.104422E-04                  
9.259E+02   1.805426E-04                  
9.697E+02   1.542641E-04                  
1.016E+03   1.318031E-04                  
1.064E+03   1.125556E-04                  
1.114E+03   9.611818E-05                  
1.167E+03   8.208887E-05                  
1.222E+03   7.006556E-05                  
1.250E+03   6.465449E-05                  
1.280E+03   5.984505E-05                  
1.309E+03   5.523297E-05                  
1.340E+03   2.841611E-04                  
1.371E+03   2.641806E-04                  
1.403E+03   2.441721E-04                  
1.436E+03   2.281601E-04                  
1.470E+03   2.121457E-04                  
1.504E+03   1.961282E-04                  
1.539E+03   2.061274E-04                  
1.575E+03   2.381457E-04                  
1.612E+03   2.201400E-04                  
1.650E+03   2.041292E-04                  
1.688E+03   1.881174E-04                  
1.768E+03   1.606954E-04                  
1.852E+03   1.370769E-04                  
1.939E+03   1.166612E-04                  
2.031E+03   9.944832E-05                  
2.127E+03   8.443799E-05                  
2.228E+03   7.182995E-05                  
2.333E+03   6.082335E-05                  
2.443E+03   5.161812E-05                  
2.559E+03   4.361400E-05                  
2.680E+03   3.681088E-05                  
2.807E+03   3.120843E-05                  
2.939E+03   2.640653E-05                  
3.078E+03   2.220501E-05                  
3.224E+03   1.878387E-05                  
3.376E+03   1.584298E-05                  
3.536E+03   1.334229E-05                  
3.703E+03   1.126176E-05                  
3.878E+03   9.481348E-06                  
4.062E+03   7.981034E-06                  
4.254E+03   6.720792E-06                  
4.455E+03   5.660608E-06                  
4.665E+03   4.760466E-06                  
4.886E+03   4.000356E-06                  
5.117E+03   3.360272E-06                  
5.359E+03   2.820208E-06                  
5.613E+03   2.380160E-06                  
5.878E+03   1.998122E-06                  
6.156E+03   1.680093E-06                  
6.447E+03   1.410071E-06                  
6.752E+03   1.184055E-06                  
7.072E+03   9.940415E-07                  
7.406E+03   8.360319E-07                  
7.756E+03   7.000244E-07                  
8.123E+03   5.880185E-07                  
8.507E+03   4.940141E-07                  
8.909E+03   4.140108E-07                  
9.331E+03   3.460082E-07                  
9.772E+03   2.900063E-07                  
1.000E+04   2.660054E-07                  
1.000E+04   2.701277E-07                  
1.022E+04   2.483387E-07                  
1.045E+04   2.282856E-07                  
1.068E+04   2.098342E-07                  
1.092E+04   1.928584E-07                  
1.116E+04   1.772356E-07                  
1.141E+04   1.628618E-07                  
1.166E+04   1.496393E-07                  
1.192E+04   8.694121E-07                  
1.219E+04   8.046914E-07                  
1.246E+04   7.445922E-07                  
1.273E+04   6.887660E-07                  
1.302E+04   6.369465E-07                  
1.331E+04   5.888276E-07                  
1.360E+04   5.442005E-07                  
1.390E+04   5.028275E-07                  
1.421E+04   4.644657E-07                  
1.453E+04   4.289309E-07                  
1.485E+04   3.960232E-07                  
1.518E+04   3.655482E-07                  
1.552E+04   3.373488E-07                  
1.586E+04   3.112522E-07                  
1.622E+04   2.871205E-07                  
1.658E+04   2.648099E-07                  
1.694E+04   2.441801E-07                  
1.732E+04   2.251198E-07                  
1.771E+04   2.075128E-07                  
1.810E+04   1.912471E-07                  
1.850E+04   1.762311E-07                  
1.891E+04   1.623672E-07                  
1.933E+04   1.495715E-07                  
1.976E+04   1.377670E-07                  
2.020E+04   1.268719E-07                  
2.065E+04   1.168248E-07                  
2.111E+04   1.075604E-07                  
2.158E+04   9.901819E-08                  
2.206E+04   9.114485E-08                  
2.255E+04   8.388742E-08                  
2.305E+04   7.720004E-08                  
2.356E+04   7.103952E-08                  
2.408E+04   6.536358E-08                  
2.462E+04   6.013627E-08                  
2.516E+04   5.532280E-08                  
2.572E+04   5.089000E-08                  
2.629E+04   4.680918E-08                  
2.688E+04   4.305252E-08                  
2.748E+04   3.959497E-08                  
2.809E+04   3.641305E-08                  
2.871E+04   3.348504E-08                  
2.935E+04   3.079091E-08                  
3.000E+04   2.831264E-08                  
-1 -1
