104.2 107.3 141.2 146.2 159.4 204.7 1116.7 1143.6 1299.0 1323.6 1359.1 1527.0 10367.1 11866.7 -1
0.052	0.00023027
0.1	2.84672E-07
0.1347	1.73943E-08
0.5	5.99018E-07
1	3.04133E-06
1.37	5.76352E-06
1.4	7.16064E-05
1.5	0.00324436
1.52	0.003349318
1.54	0.003410327
1.56	0.003473384
1.58	0.003530025
1.6	0.003588732
1.62	0.003646689
1.64	0.003775574
1.66	0.003902422
1.68	0.004027261
1.7	0.004267356
1.72	0.004459281
1.74	0.004759793
1.76	0.004981088
1.78	0.005614858
1.8	0.005551725
1.82	0.005775312
1.84	0.00610428
1.86	0.006235241
1.88	0.006196225
1.9	0.006364276
1.92	0.006454621
1.94	0.006543239
1.96	0.006801955
1.98	0.006982536
2	0.007193189
2.02	0.007193835
2.04	0.007458315
2.06	0.007553704
2.08	0.007608674
2.1	0.007789968
2.12	0.007866067
2.14	0.007971135
2.16	0.008067212
2.18	0.008251764
2.2	0.008461214
2.22	0.008628746
2.24	0.008791142
2.26	0.008877731
2.28	0.008954281
2.3	0.009173886
2.32	0.009234888
2.34	0.009367217
2.36	0.009493721
2.38	0.009666885
2.4	0.009825865
2.42	0.010014022
2.44	0.010161333
2.46	0.010300738
2.48	0.010472642
2.5	0.010620659
2.52	0.010797299
2.54	0.010977589
2.56	0.011203071
2.58	0.011378121
2.6	0.011558005
2.62	0.011903093
2.64	0.012079102
2.66	0.012359784
2.68	0.01260541
2.7	0.012886076
2.72	0.013219436
2.74	0.013585038
2.76	0.014009793
2.78	0.014466011
2.8	0.015028254
2.82	0.015736103
2.84	0.016624195
2.86	0.017785842
2.88	0.019336457
2.9	0.021431651
2.92	0.024106727
2.94	0.026639856
2.96	0.028501327
2.98	0.029562096
3	0.030181184
3.02	0.03067087
3.04	0.031158551
3.06	0.031743639
3.08	0.03241542
3.1	0.033335013
3.12	0.034565822
3.14	0.036176691
3.16	0.038121949
3.18	0.040130717
3.2	0.041882006
3.22	0.043341591
3.24	0.044552197
3.26	0.045548979
3.28	0.046431178
3.3	0.04721155
3.32	0.047933603
3.34	0.048565977
3.36	0.049156159
3.38	0.049729503
3.4	0.050228768
3.42	0.050678529
3.44	0.051076575
3.46	0.051449743
3.48	0.051797333
3.5	0.052088826
3.54	0.052617524
3.6	0.053145957
3.64	0.053315082
3.7	0.05341252
3.74	0.053297859
3.8	0.052864455
3.84	0.052509908
3.9	0.05170167
3.94	0.051070098
4	0.049858365
4.04	0.048949381
4.1	0.047432172
4.14	0.046343542
4.2	0.044621565
4.24	0.043436853
4.3	0.04186077
4.34	0.040955766
4.4	0.039978456
4.44	0.039695556
4.5	0.04022057
4.54	0.040578375
4.6	0.040628363
4.64	0.040498574
4.7	0.040187689
4.74	0.03983339
4.8	0.039113868
4.84	0.038659027
4.9	0.038247403
4.94	0.038145805
5	0.038903422
5.04	0.040337087
5.1	0.043908145
5.14	0.046911383
5.2	0.051595765
5.24	0.054678373
5.3	0.059171902
5.34	0.061995861
5.4	0.066295374
5.44	0.069067496
5.5	0.073201805
5.54	0.075933397
5.6	0.079991433
5.64	0.082655307
5.7	0.08672786
5.74	0.089357535
5.8	0.092858502
5.84	0.095374867
5.9	0.098111144
5.94	0.100918671
6	0.127133459
6.2	0.159909071
6.3	0.157642682
6.6	0.154668284
7	0.192264859
8	0.313803043
9	0.463174858
10	0.559918633
10.8	0.613551168
12	0.695601547
13	0.7851308
14	0.886665916
15	0.902041453
16	0.818471226
17	0.649730299
18	0.486168769
19	0.378961532
20	0.31150952
21	0.319582544
22	0.32161098
23	0.310900598
30	0.195500821
35	0.131219696
39.5477028	0.100292354
42.3761292	0.107577536
45.4068375	0.094829183
48.6543007	0.086955673
52.1340256	0.082680726
55.8626137	0.080319846
59.8578682	0.07873949
64.1388626	0.07731623
68.7260284	0.075076153
73.6412659	0.07206866
78.9080353	0.068378006
84.5514908	0.064971341
90.5985489	0.061753701
97.0780945	0.058667864
104.021049	0.055468111
111.460571	0.05234135
119.432152	0.048654417
127.973854	0.044923844
137.12645	0.041370909
146.93364	0.037599136
157.44223	0.033580511
168.702393	0.029932607
180.767868	0.026593023
193.696259	0.023400739
207.549271	0.020612884
222.393066	0.017809031
238.298462	0.015232474
255.3414	0.012981304
273.603241	0.010980789
293.171143	0.009213213
314.13855	0.007697903
336.60553	0.006350772
360.679321	0.005239187
386.474854	0.004322273
414.115234	0.003525277
443.732513	0.002862594
475.467926	0.002320537
509.473053	0.001879963
545.910217	0.001515978
584.953369	0.001215155
626.788818	0.000974284
671.616333	0.000776787
719.64978	0.000612368
771.118713	0.000480766
826.268555	0.000377946
885.362732	0.000300353
948.683228	0.000238449
1016.53247	0.00018921
1089.23413	0.000150501
1167.13525	0.000409369
1250.60803	0.000338448
1340.05066	0.000533604
1435.89014	0.000424087
1538.58398	0.000361318
1648.62244	0.000285637
1766.53088	0.000225463
1892.87195	0.000177136
2028.24878	0.000139218
2173.30762	0.000108993
2328.74097	8.51746E-05
2495.29102	6.64596E-05
2673.75244	5.17833E-05
2864.97754	4.03013E-05
3069.87866	3.13333E-05
3289.43433	2.43377E-05
3524.69238	1.88889E-05
3776.77588	1.46496E-05
4046.88818	1.13544E-05
4336.31885	8.79515E-06
4646.44971	6.809E-06
4978.76025	5.26857E-06
5334.83789	4.07445E-06
5716.38135	3.14938E-06
6125.21289	2.43305E-06
6563.28418	1.87843E-06
7032.68555	1.44934E-06
7535.6582	1.11742E-06
8074.60352	8.60789E-07
8652.09277	6.62443E-07
9270.88574	5.09225E-07
9933.93262	3.9092E-07
10644.4004	1.16992E-06
11405.6807	9.14798E-07
12221.4062	1.37359E-06
13095.4736	1.07358E-06
14032.0527	8.36804E-07
15035.6152	6.50688E-07
16110.9521	5.04868E-07
17263.1973	3.9099E-07
18497.8477	3.02295E-07
19820.8008	2.33371E-07
21238.3711	1.79919E-07
22757.3242	1.38551E-07
24384.9121	1.06586E-07
26128.9023	8.19238E-08
27997.625	6.29221E-08
29999.9961	4.82996E-08
-1 -1
