122.9 141.2 146.2 204.7 443.9 451.4 665.3 703.2 827.2 1323.6 1359.1 1527.0 3730.1 3938.0 4237.5 11866.7 27940.4 -1
0.32	5.679E-06
0.35	0.000407934
0.50	0.005945828
1.00	0.01225408
1.50	0.016417809
1.52	0.016768642
1.54	0.016791276
1.56	0.017063191
1.58	0.016881488
1.60	0.016969732
1.62	0.017232586
1.64	0.017179847
1.66	0.017147582
1.68	0.017308325
1.70	0.017405992
1.72	0.017514449
1.74	0.017639119
1.76	0.017714987
1.78	0.017819869
1.80	0.017876692
1.82	0.018006359
1.84	0.018074423
1.86	0.018095735
1.88	0.018217449
1.90	0.018248936
1.92	0.018335306
1.94	0.018474059
1.96	0.018606853
1.98	0.01873391
2.00	0.018921879
2.02	0.01906135
2.04	0.019140176
2.06	0.019289272
2.08	0.019468292
2.10	0.019634541
2.12	0.019776672
2.14	0.019941466
2.16	0.020117154
2.18	0.020310609
2.20	0.020596802
2.22	0.02083522
2.24	0.02109466
2.26	0.021382454
2.28	0.021700714
2.30	0.022029939
2.32	0.022381734
2.34	0.022811202
2.36	0.023317358
2.38	0.023899115
2.40	0.024582158
2.42	0.025399081
2.44	0.026466289
2.46	0.027813073
2.48	0.029476192
2.50	0.031531859
2.52	0.033816582
2.54	0.035848654
2.56	0.037300157
2.58	0.038273977
2.60	0.038975189
2.62	0.039605125
2.64	0.040157447
2.66	0.040740725
2.68	0.04137161
2.70	0.042071664
2.72	0.042971356
2.74	0.044108545
2.76	0.045548834
2.78	0.047297787
2.80	0.049294215
2.82	0.051322568
2.84	0.053256568
2.86	0.054986237
2.88	0.056530657
2.90	0.057879277
2.92	0.059106896
2.94	0.060199591
2.96	0.061248542
2.98	0.062177655
3.00	0.063086698
3.04	0.064731913
3.10	0.066851213
3.14	0.067995991
3.20	0.069507202
3.24	0.070293268
3.30	0.071161817
3.34	0.071581834
3.40	0.071922348
3.44	0.071996046
3.50	0.071780092
3.54	0.071452443
3.60	0.07073879
3.64	0.070074579
3.70	0.068905684
3.74	0.134137727
3.80	0.066220237
3.84	0.064984018
3.90	0.062942822
3.94	0.061469491
4.00	0.059013257
4.02	0.05813946
4.04	0.057254583
4.06	0.056362137
4.08	0.055460188
4.10	0.054518751
4.12	0.053573875
4.14	0.0526242
4.16	0.051668078
4.18	0.050675872
4.20	0.04970096
4.22	0.048734336
4.24	0.047788257
4.26	0.046893202
4.28	0.046044776
4.30	0.04529588
4.32	0.044646642
4.34	0.044142858
4.36	0.043825896
4.38	0.043673338
4.40	0.043666543
4.42	0.043768555
4.44	0.043986211
4.46	0.044283364
4.48	0.044701909
4.50	0.045181725
4.52	0.045721796
4.54	0.046281248
4.56	0.046821001
4.58	0.047306178
4.60	0.047759237
4.62	0.048162963
4.64	0.048626483
4.66	0.049179679
4.68	0.049829972
4.70	0.050653223
4.72	0.051650322
4.74	0.05290082
4.76	0.054346348
4.78	0.055943857
4.80	0.057740403
4.82	0.059679034
4.84	0.061650088
4.86	0.063716539
4.88	0.06586395
4.90	0.067920599
4.92	0.070057175
4.94	0.072256956
4.96	0.074371051
4.98	0.076415812
5.00	0.078395532
5.04	0.082104501
5.10	0.086784831
5.14	0.089279893
5.20	0.092510458
5.24	0.094873804
5.30	0.099068511
5.34	0.102299831
5.40	0.107854116
5.44	0.111718212
5.50	0.117961307
5.54	0.122205694
5.60	0.128500741
5.64	0.132745136
5.70	0.138701263
5.74	0.142130351
5.80	0.14600548
5.84	0.147374811
5.90	0.147296292
5.94	0.146727627
6.00	0.142623453
6.35	0.136966649
6.60	0.151930947
6.90	0.16008332
7.20	0.181079775
8.10	0.268453715
9.10	0.396046451
10.00	0.5258463
11.00	0.696013565
11.50	0.794171894
12.00	0.922612979
13.00	1.056074527
14.00	0.935917321
15.00	0.722090128
16.00	0.545079841
17.50	0.308886794
18.50	0.292084741
19.50	0.294820221
20.00	0.29220542
21.00	0.284549887
22.00	0.275455374
23.00	0.265211164
24.00	0.251657382
25.00	0.217808112
30.00	0.253206312
32.15	0.235261351
34.44	0.229539936
36.91	0.222702809
39.55	0.22307406
42.38	0.231551164
45.4068375	0.230479781
48.6543007	0.221678515
52.1340256	0.21273421
55.8626137	0.205162208
59.8578682	0.197482663
64.1388626	0.183917222
68.7260284	0.17498059
73.6412659	0.16148334
78.9080353	0.161707276
84.5514908	0.157236807
90.5985489	0.133651296
97.0780945	0.106523546
104.021049	0.078192556
111.460571	0.058632388
119.432152	0.045121556
127.973854	0.035960217
137.12645	0.02807023
146.93364	0.023298036
157.44223	0.020539877
168.702393	0.018660287
180.767868	0.01702495
193.696259	0.015517674
207.549271	0.014202405
222.393066	0.012641956
238.298462	0.011074207
255.3414	0.009687901
273.603241	0.008461204
293.171143	0.007225141
314.13855	0.006107609
336.60553	0.005117982
360.679321	0.004270086
386.474854	0.00355443
414.115234	0.002949639
443.732513	0.002505452
475.467926	0.003337925
509.473053	0.00392762
545.910217	0.003568288
584.953369	0.002985287
626.788818	0.002528064
671.616333	0.00234587
719.64978	0.002103855
771.118713	0.001705655
826.268555	0.001447443
885.362732	0.001189972
948.683228	0.000958218
1016.53247	0.00077071
1089.23413	0.000612881
1167.13525	0.000487308
1250.60803	0.000387464
1340.05066	0.000551704
1435.89014	0.000440719
1538.58398	0.000377452
1648.62244	0.000299713
1766.53088	0.000237657
1892.87195	0.000187659
2028.24878	0.000148232
2173.30762	0.000116647
2328.74097	9.16158E-05
2495.29102	7.18316E-05
2673.75244	5.62211E-05
2864.97754	4.39328E-05
3069.87866	3.42739E-05
3289.43433	2.66924E-05
3524.69238	2.07512E-05
3776.77588	3.21869E-05
4046.88818	3.1983E-05
4336.31885	2.79744E-05
4646.44971	2.1917E-05
4978.76025	1.71333E-05
5334.83789	1.33679E-05
5716.38135	1.04126E-05
6125.21289	8.09885E-06
6563.28418	6.29103E-06
7032.68555	4.88117E-06
7535.6582	3.78351E-06
8074.60352	2.93006E-06
8652.09277	2.2673E-06
9270.88574	1.75325E-06
9933.93262	1.3549E-06
10644.4004	1.04642E-06
11405.6807	8.07727E-07
12221.4062	1.31537E-06
13095.4736	1.02447E-06
14032.0527	7.96421E-07
15035.6152	6.18124E-07
16110.9521	4.79028E-07
17263.1973	3.70758E-07
18497.8477	2.86634E-07
19820.8008	2.21374E-07
21238.3711	1.70815E-07
22757.3242	1.31702E-07
24384.9121	1.01475E-07
26128.9023	7.81405E-08
27997.625	1.80392E-07
29999.9961	1.40526E-07
-1 -1
