10.4 25.4 36.1 -1 
0.1	1.00000E-04
0.11	1.10300E-04
0.12	1.21400E-04
0.13	1.30000E-04
0.14	1.41700E-04
0.15	1.53200E-04
0.16	1.63400E-04
0.17	1.74200E-04
0.18	1.86400E-04
0.19	1.98900E-04
0.2	2.10100E-04
0.21	2.22200E-04
0.22	2.35600E-04
0.23	2.47800E-04
0.24	2.59800E-04
0.25	2.73800E-04
0.26	2.91100E-04
0.27	3.02900E-04
0.28	3.19300E-04
0.29	3.35100E-04
0.3	3.54500E-04
0.34	4.34300E-04
0.38	5.36600E-04
0.42	6.86500E-04
0.46	8.66000E-04
0.5	1.09110E-03
0.54	1.38310E-03
0.58	1.80620E-03
0.62	2.36950E-03
0.66	3.02900E-03
0.7	3.86180E-03
0.74	4.84200E-03
0.78	6.14230E-03
0.82	7.49570E-03
0.86	9.19910E-03
0.9	1.11271E-02
1	1.77752E-02
1.1	2.63690E-02
1.2	3.64726E-02
1.3	4.41616E-02
1.4	4.64141E-02
1.5	4.27279E-02
1.6	3.85041E-02
1.7	3.67985E-02
1.8	3.65157E-02
1.9	3.72722E-02
2	3.85231E-02
2.1	3.92189E-02
2.2	3.86268E-02
2.3	3.64582E-02
2.4	3.67476E-02
2.5	3.94631E-02
2.6	4.24564E-02
2.7	4.49189E-02
2.8	4.69505E-02
2.9	4.88517E-02
3	5.00312E-02
3.1	5.10583E-02
3.2	5.14620E-02
3.3	5.13073E-02
3.4	5.11336E-02
3.5	5.07866E-02
3.6	5.04127E-02
3.7	5.00312E-02
3.8	4.93319E-02
3.9	4.77737E-02
4	4.62253E-02
4.1	4.43848E-02
4.2	4.36040E-02
4.3	4.28253E-02
4.4	4.30064E-02
4.5	4.33642E-02
4.6	4.38748E-02
4.7	4.40656E-02
4.8	4.44830E-02
4.9	4.49404E-02
5	4.55354E-02
5.1	4.63723E-02
5.2	4.80030E-02
5.3	4.99885E-02
5.4	5.25356E-02
5.5	5.55444E-02
5.6	5.89909E-02
5.7	6.30187E-02
5.8	6.71244E-02
5.9	7.13143E-02
6	7.58513E-02
6.1	8.05512E-02
6.2	8.51104E-02
6.3	9.06270E-02
6.4	9.71270E-02
6.5	1.03362E-01
6.6	1.10321E-01
6.7	1.18088E-01
6.8	1.27350E-01
6.9	1.34182E-01
7	1.41406E-01
7.1	1.49290E-01
7.2	1.53389E-01
7.3	1.57439E-01
7.4	1.58748E-01
7.5	1.60431E-01
7.6	1.63194E-01
7.7	1.72202E-01
7.8	1.79979E-01
7.9	1.88421E-01
8	1.97734E-01
8.2	2.20113E-01
8.4	2.46187E-01
8.6	2.77220E-01
8.8	3.14997E-01
9	3.60292E-01
9.2	4.14017E-01
9.4	4.58664E-01
9.6	5.14618E-01
9.8	5.71975E-01
10	6.18959E-01
10.2	6.50070E-01
10.4	6.60273E-01
10.6	6.54022E-01
10.8	6.18973E-01
11	5.61381E-01
11.2	5.03115E-01
11.4	4.56772E-01
11.6	4.19161E-01
11.8	4.01943E-01
12	3.91167E-01
12.2	3.85541E-01
12.4	3.85937E-01
12.6	3.86672E-01
12.8	3.87245E-01
13	3.93526E-01
13.2	3.95235E-01
13.4	4.06724E-01
13.6	4.11182E-01
13.8	4.20182E-01
14	4.23305E-01
14.2	4.27950E-01
14.4	4.36922E-01
14.6	4.39218E-01
14.8	4.35271E-01
15	4.35271E-01
15.2	4.34640E-01
15.4	4.28242E-01
15.6	4.23305E-01
15.8	4.20182E-01
16	4.18193E-01
16.2	4.15730E-01
16.4	4.12814E-01
16.6	4.13223E-01
16.8	4.20415E-01
17	4.26909E-01
17.2	4.32621E-01
17.4	4.38090E-01
17.6	4.49651E-01
17.8	4.66170E-01
18	4.82854E-01
18.2	4.98529E-01
18.4	5.14490E-01
18.6	5.38321E-01
18.8	5.71481E-01
19	6.06647E-01
19.2	6.37426E-01
19.4	6.74099E-01
19.6	7.12985E-01
19.8	7.53088E-01
20	7.93694E-01
20.2	8.34769E-01
20.4	8.76432E-01
20.6	9.18357E-01
20.8	9.59139E-01
21	1.00130E+00
21.2	1.04361E+00
21.4	1.08247E+00
21.6	1.12046E+00
21.8	1.15316E+00
22	1.19250E+00
22.2	1.23968E+00
22.4	1.28455E+00
22.6	1.33413E+00
22.8	1.38662E+00
23	1.44317E+00
23.2	1.50177E+00
23.4	1.55830E+00
23.6	1.61165E+00
23.8	1.65666E+00
24	1.69618E+00
24.2	1.72549E+00
24.4	1.72965E+00
24.6	1.72504E+00
24.8	1.70426E+00
25	1.65840E+00
25.2	1.60432E+00
25.4	1.56100E+00
25.6	1.50386E+00
25.8	1.44922E+00
26	1.37407E+00
26.25	1.30092E+00
26.5	1.23548E+00
26.75	1.15999E+00
27	1.09561E+00
27.25	1.02437E+00
27.5	9.68530E-01
27.75	9.23340E-01
28	8.81982E-01
28.25	8.43312E-01
28.5	8.07364E-01
28.75	7.75576E-01
29	7.47516E-01
29.25	7.14161E-01
29.5	6.91722E-01
29.75	6.62620E-01
30	6.45725E-01
30.25	6.27316E-01
30.5	6.21319E-01
30.75	6.20503E-01
31	6.22456E-01
31.25	6.30517E-01
31.5	6.40219E-01
31.75	6.51821E-01
32	6.66750E-01
32.2	6.76930E-01
32.4	6.90936E-01
32.6	7.02623E-01
32.8	7.07440E-01
33	7.08021E-01
33.2	7.01385E-01
33.4	6.87245E-01
33.5	6.80705E-01
33.6	6.79588E-01
33.8	6.84655E-01
34	6.97035E-01
34.2	7.12673E-01
34.4	7.31995E-01
34.6	7.55239E-01
34.8	7.86641E-01
35	8.16667E-01
35.2	8.47056E-01
35.4	8.70761E-01
35.6	8.87642E-01
35.8	8.95335E-01
36	9.01722E-01
36.25	9.01102E-01
36.5	8.96896E-01
36.75	8.87640E-01
37	8.77526E-01
37.25	8.71204E-01
37.5	8.61250E-01
37.75	8.45188E-01
38	8.28483E-01
38.5	7.98360E-01
39	7.64095E-01
39.5	7.33479E-01
40	7.09113E-01
45	5.54065E-01
50	4.35062E-01
60	2.85702E-01
62	2.61347E-01
64	2.38454E-01
66	2.16913E-01
68	1.96633E-01
70	1.77542E-01
72	1.59585E-01
74	1.42722E-01
76	1.26924E-01
78	1.12175E-01
80	9.84710E-02
82	8.58139E-02
84	7.42143E-02
86	6.36891E-02
88	5.42588E-02
90	4.59477E-02
92	3.87798E-02
94	3.27797E-02
96	2.79682E-02
98	2.43626E-02
100	2.19728E-02
102	2.08009E-02
104	1.97423E-02
107	1.83065E-02
110	1.70324E-02
112	1.62319E-02
115	1.52352E-02
118	1.45011E-02
121	1.38149E-02
124	1.31884E-02
127	1.26238E-02
130	1.20741E-02
133	1.15826E-02
136	1.11185E-02
140	1.05393E-02
143	1.01393E-02
147	9.64660E-03
150	9.30370E-03
154	8.86860E-03
158	8.44020E-03
162	8.04200E-03
166	7.68960E-03
170	7.34220E-03
174	7.06080E-03
178	6.80470E-03
182	6.57330E-03
187	6.29930E-03
191	6.09360E-03
196	5.84360E-03
201	5.59700E-03
206	5.35190E-03
211	4.96190E-03
216	5.35910E-03
221	5.81820E-03
227	6.35570E-03
232	6.81340E-03
238	7.39060E-03
244	8.00800E-03
250	8.66630E-03
256	9.36490E-03
262	1.01043E-02
269	1.10066E-02
275	1.18532E-02
282	1.24598E-02
289	1.29456E-02
296	1.34362E-02
303	1.38283E-02
311	1.34528E-02
318	1.31509E-02
326	1.28063E-02
334	1.24809E-02
342	1.21758E-02
351	1.18497E-02
359	1.15643E-02
368	1.12587E-02
377	1.09737E-02
386	1.07104E-02
396	1.03256E-02
406	9.79760E-03
415	9.34940E-03
426	8.86030E-03
436	8.43200E-03
447	8.00300E-03
458	7.69570E-03
469	7.47020E-03
480	7.26580E-03
492	7.04150E-03
504	6.83790E-03
516	6.63480E-03
529	6.37210E-03
542	5.96680E-03
555	5.60170E-03
569	5.23640E-03
583	4.91150E-03
597	4.60710E-03
612	4.30270E-03
627	4.01960E-03
642	3.77520E-03
658	3.53180E-03
674	3.30890E-03
690	3.10620E-03
707	2.90360E-03
725	2.72130E-03
742	2.55940E-03
760	2.39760E-03
779	2.23580E-03
798	2.07420E-03
818	1.89840E-03
838	1.77720E-03
858	1.64800E-03
879	1.52690E-03
901	1.40990E-03
923	1.30500E-03
945	1.21020E-03
968	1.11950E-03
992	1.03490E-03
1016	9.58300E-04
1041	8.83800E-04
1067	8.15300E-04
1093	7.53000E-04
1119	6.96600E-04
1147	6.40300E-04
1175	5.92000E-04
1204	5.45800E-04
1233	5.05600E-04
1263	4.65400E-04
1294	4.29200E-04
1326	3.95100E-04
1358	3.64900E-04
1392	3.36800E-04
1426	3.08700E-04
1460	2.86600E-04
1496	2.62600E-04
1533	2.42500E-04
1570	2.22400E-04
1609	2.04400E-04
1648	1.89100E-04
1688	1.74100E-04
1730	1.60000E-04
1772	1.47400E-04
1851	1.35600E-04
1860	1.24600E-04
1905	1.14700E-04
1952	1.05300E-04
2000	9.71000E-05
2165.9	7.31986E-05
2293.2	5.99258E-05
2622.4	1.35806E-04
2984.3	1.36582E-04
3691.7	6.51591E-05
4466.3	3.29236E-05
4510.8	3.17566E-05
4952.2	2.26404E-05
5414.7	1.63185E-05
5898.8	1.18980E-05
6930.3	6.54298E-06
7478.2	4.92482E-06
8047.8	3.74807E-06
8638.9	2.87421E-06
9886.4	1.73402E-06
13140	6.17373E-07
19070	1.51254E-07
20700	7.58393E-07
30600	1.72621E-07
40200	6.35768E-08
53000	2.26421E-08
60030	1.42338E-08
70040	8.02355E-09
84200	4.07419E-09
91500	3.01562E-09
95200	2.61561E-09
-1 -1
