10.4 24.4 35.0 -1	
0.10	0.00009999530
0.11	0.00011029014
0.12	0.00012143104
0.13	0.00012995948
0.14	0.00014170171
0.15	0.00015320138
0.16	0.00016337619
0.17	0.00017419086
0.18	0.00018638605
0.19	0.00019888100
0.20	0.00021010345
0.21	0.00022221935
0.22	0.00023560183
0.23	0.00024783635
0.24	0.00025982824
0.25	0.00027380986
0.26	0.00029111342
0.27	0.00030294489
0.28	0.00031927649
0.29	0.00033506835
0.30	0.00035449265
0.34	0.00043428892
0.38	0.00053658991
0.42	0.00068651363
0.46	0.00086601255
0.50	0.00109106305
0.54	0.00138313305
0.58	0.00180621852
0.62	0.00236945618
0.66	0.00302898123
0.70	0.00386176056
0.74	0.00484199979
0.78	0.00614232607
0.82	0.00749565734
0.86	0.00919909813
0.90	0.01112709654
1.00	0.01777522352
1.10	0.02636901324
1.20	0.03647256357
1.30	0.04416156058
1.40	0.04641408845
1.50	0.04272788469
1.60	0.03850411030
1.70	0.03679847398
1.80	0.03651567091
1.90	0.03727223245
2.00	0.03852313800
2.10	0.03921890037
2.20	0.03862676416
2.30	0.03645824436
2.40	0.03674761822
2.50	0.03946306911
2.60	0.04245636371
2.70	0.04491888979
2.80	0.04695048540
2.90	0.04885173367
3.00	0.05003116753
3.10	0.05105826738
3.20	0.05146199746
3.30	0.05130728222
3.30	0.05130728222
3.40	0.05113359438
3.50	0.05078661930
3.60	0.05041271392
3.70	0.05003116753
3.80	0.04933188819
3.90	0.04777371500
4.00	0.04622533644
4.10	0.04438483180
4.20	0.04360399313
4.30	0.04282525735
4.40	0.04300639202
4.50	0.04336416733
4.60	0.04387479529
4.70	0.04406561432
4.80	0.04448298735
4.90	0.04494038207
5.00	0.04553543545
5.10	0.04637231206
5.20	0.04800305081
5.30	0.04998854332
5.40	0.05253563223
5.50	0.05554436399
5.60	0.05899093146
5.70	0.06301871859
5.80	0.06712441891
5.90	0.07131428273
6.00	0.07585129591
6.10	0.08055122090
6.20	0.08511040559
6.30	0.09062695373
6.40	0.09712703546
6.50	0.10336200655
6.60	0.11032063192
6.70	0.11808791417
6.80	0.12735048208
6.90	0.13418202283
7.00	0.14140651970
7.10	0.14928997143
7.20	0.15338934250
7.30	0.15743933031
7.40	0.15874848344
7.50	0.16043088761
7.60	0.16319417167
7.70	0.17220168408
7.80	0.17997913874
7.90	0.18842074605
8.00	0.19773392277
8.20	0.22011334879
8.40	0.24618659577
8.60	0.27722038945
8.80	0.31499686022
9.00	0.36029182019
9.20	0.41401675756
9.40	0.45866444510
9.60	0.51461798132
9.80	0.57197480737
10.00	0.61895864723
10.20	0.65006979173
10.40	0.66027251946
10.60	0.65402148666
10.80	0.61897260955
11.00	0.56138079681
11.20	0.50311454150
11.40	0.45677232198
11.60	0.41916077480
11.80	0.40194257339
12.00	0.39116708036
12.20	0.38554115890
12.40	0.38593702386
12.60	0.38667226901
12.80	0.38724525174
13.00	0.39352603126
13.20	0.39523537930
13.40	0.40672358832
13.60	0.41118216407
13.80	0.42018188320
14.00	0.42330454539
14.20	0.42794955174
14.40	0.43692222285
14.60	0.43921838993
14.80	0.43527058330
15.00	0.43527058330
15.20	0.43464039509
15.40	0.42824148985
15.60	0.42330454539
15.80	0.42018188320
16.00	0.41819269140
16.20	0.41572953909
16.40	0.41281355811
16.60	0.41322314050
16.80	0.42041517990
17.00	0.42690936386
17.20	0.43262122482
17.40	0.43808982928
17.60	0.44965109492
17.80	0.46617023801
18.00	0.48285439574
18.20	0.49852893606
18.40	0.51449015710
18.60	0.53832109171
18.80	0.57148101322
19.00	0.60664749775
19.20	0.63742629343
19.40	0.67409899436
19.60	0.71298517469
19.80	0.75308814632
20.00	0.79369427701
20.20	0.83476888082
20.40	0.87643241955
20.60	0.91835683367
20.80	0.95913854963
21.00	1.00129754370
21.20	1.04361128904
21.40	1.08247271893
21.60	1.12046228611
21.80	1.15315511212
22.00	1.19249840745
22.20	1.23968312418
22.40	1.28454670228
22.60	1.33413198663
22.80	1.38662242727
23.00	1.44317212208
23.20	1.50176757958
23.40	1.55829573367
23.60	1.61165050328
23.80	1.65666473085
24.00	1.69618269706
24.20	1.72549224583
24.40	1.72965181749
24.60	1.72503700543
24.80	1.70425769564
25.00	1.57175374992
25.20	1.60431844280
25.40	1.56100229094
25.60	1.50386431740
25.80	1.44922363445
26.00	1.37407001385
26.25	1.30092352169
26.50	1.23548283662
26.75	1.15998776136
27.00	1.09561103979
27.25	1.02437050456
27.50	0.96852990575
27.75	0.92334004290
28.00	0.88198221675
28.25	0.84331239412
28.50	0.80736368294
28.75	0.77557559314
29.00	0.74751612702
29.25	0.71416099933
29.50	0.69172257223
29.75	0.66261964214
30.00	0.64572495675
35.00	0.81666688739
40.00	0.70911340438
45.00	0.55406510671
50.00	0.43506226457
60.00	0.28570180980
70.77	0.13119691408
71.76	0.11670764272
72.76	0.10366188809
73.77	0.09216945824
74.80	0.08228684804
75.84	0.07230907127
76.90	0.06303338641
77.97	0.05472325012
79.06	0.04753027341
80.16	0.04138416039
81.28	0.03633808698
82.41	0.03222628122
83.56	0.02891353012
84.73	0.02621189193
85.91	0.02352023060
87.11	0.02170539712
88.32	0.02005092572
89.55	0.01858388266
90.80	0.01722504987
92.07	0.01608873596
93.35	0.01502481736
94.65	0.01414347612
95.97	0.01340572810
97.31	0.01287814886
98.66	0.01241442291
100.04	0.01197674553
101.43	0.01173809179
102.85	0.01157961694
104.28	0.01135669070
105.73	0.01120296030
107.21	0.01103751096
108.70	0.01092561271
110.22	0.01067420866
111.75	0.01045006497
113.31	0.01029530441
114.89	0.01026103095
116.49	0.01020256567
118.12	0.01015019850
119.76	0.01007258657
121.43	0.00986180406
123.13	0.00951120599
124.84	0.00940361169
126.58	0.00931352094
128.35	0.00926622347
130.14	0.00899393159
131.95	0.00891081768
133.79	0.00875989947
135.65	0.00861271147
137.54	0.00848596696
139.46	0.00845832758
141.41	0.00826029841
143.38	0.00825546259
145.38	0.00815461054
147.40	0.00813443891
149.46	0.00804686249
151.54	0.00798568510
153.65	0.00786022771
155.79	0.00774679322
157.97	0.00757441068
160.17	0.00739439318
162.40	0.00722724078
164.66	0.00705890554
166.96	0.00692504972
169.29	0.00681494183
171.65	0.00666350096
174.04	0.00649177821
176.47	0.00631557272
178.93	0.00624761399
181.42	0.00606677770
183.95	0.00601035700
186.51	0.00581754811
189.11	0.00592150612
191.75	0.00580250954
194.42	0.00564809665
197.13	0.00553615862
199.88	0.00540656628
202.67	0.00528732618
205.49	0.00516726838
208.36	0.00505680183
211.26	0.00493926928
214.20	0.00485087233
217.19	0.00474372863
220.22	0.00463910748
223.29	0.00453276665
226.40	0.00445215539
229.56	0.00467686238
232.76	0.00486718993
236.00	0.00493616750
239.29	0.00526629733
242.63	0.00591818980
246.01	0.00640434802
249.44	0.00663651292
252.91	0.00715926655
256.44	0.00828722884
260.01	0.00986102345
263.64	0.01166132612
267.31	0.01332738527
271.04	0.01425641867
274.82	0.01505675870
278.65	0.01530227513
282.53	0.01523112748
286.47	0.01526836298
290.46	0.01531274150
294.51	0.01535546407
298.62	0.01554121522
302.78	0.01568344175
307.00	0.01600822753
311.28	0.01624060453
315.62	0.01623630516
320.02	0.01609472023
324.48	0.01574195477
329.00	0.01532681161
333.59	0.01501898891
338.24	0.01482975208
342.96	0.01457498090
347.74	0.01423800346
352.58	0.01401784923
357.50	0.01372445857
362.48	0.01338790724
367.53	0.01314963283
372.66	0.01273740619
377.85	0.01263903572
383.12	0.01266787486
388.46	0.01269240063
393.87	0.01616030966
399.36	0.01285808013
404.93	0.01283091596
410.58	0.01295788433
416.30	0.01159279168
422.10	0.01138218676
427.99	0.01089897538
433.95	0.01075170795
440.00	0.01075001797
446.13	0.01062131290
452.35	0.01011874993
458.66	0.00963566129
465.05	0.00917445113
471.54	0.00884433479
478.11	0.00854059670
484.77	0.00822093025
491.53	0.00800079634
498.38	0.00780700105
505.33	0.00773496116
512.37	0.00761102392
519.52	0.00754676212
526.76	0.00734520328
534.10	0.00692739537
541.54	0.00671090314
549.09	0.00633936791
556.75	0.00605554927
564.51	0.00588737196
572.38	0.00579286024
580.36	0.00533019521
588.45	0.00524109605
596.65	0.00514022408
604.97	0.00498045930
613.40	0.00477902026
621.95	0.00457118699
630.62	0.00440774298
639.41	0.00424499656
648.32	0.00409351786
657.36	0.00393364946
666.52	0.00378583974
675.81	0.00365421103
685.23	0.00352599245
694.79	0.00339211296
704.47	0.00323307363
714.29	0.00308852093
724.25	0.00296873062
734.34	0.00284303151
744.58	0.00273482004
754.96	0.00263017537
765.48	0.00251502233
776.15	0.00239010976
786.97	0.00228337173
797.94	0.00218150889
809.06	0.00209267614
820.34	0.00201653969
831.78	0.00193871708
843.37	0.00184995638
855.13	0.00176622879
867.05	0.00168249691
879.13	0.00160359905
891.39	0.00153286182
903.81	0.00146964062
916.41	0.00140494424
929.19	0.00134036485
942.14	0.00127665261
955.27	0.00121594868
968.59	0.00116071053
982.09	0.00111315027
995.78	0.00106934305
1009.66	0.00102484007
1023.73	0.00097898829
1038.01	0.00093519457
1052.47	0.00089334653
1067.15	0.00085338330
1082.02	0.00081521128
1097.10	0.00077874492
1112.40	0.00074390869
1127.90	0.00071063273
1143.62	0.00067884530
1159.57	0.00064848657
1175.73	0.00061948587
1192.12	0.00059178553
1208.74	0.00056532317
1225.59	0.00054004472
1242.67	0.00051589822
1259.99	0.00049280299
1277.56	0.00047040886
1295.36	0.00044895053
1313.42	0.00042846493
1331.73	0.00040891349
1350.29	0.00039025423
1369.12	0.00037244743
1388.20	0.00035545404
1407.55	0.00033923734
1427.17	0.00032376015
1447.07	0.00030898789
1467.24	0.00029489228
1487.69	0.00028144018
1508.43	0.00026860125
1529.45	0.00025631870
1550.77	0.00024444684
1572.39	0.00023305757
1594.31	0.00022220037
1616.53	0.00021184904
1639.07	0.00020198020
1661.91	0.00019257089
1685.08	0.00018359976
1708.57	0.00017504789
1732.38	0.00016689438
1756.53	0.00015912015
1781.02	0.00015170867
1805.84	0.00014464213
1831.02	0.00013790484
1856.54	0.00013148202
1882.42	0.00012535808
1908.66	0.00011951982
1935.27	0.00011395364
1962.24	0.00010861598
1989.59	0.00010350733
2017.33	0.00009863221
2045.45	0.00009398699
2073.96	0.00008955988
2102.87	0.00008534200
2132.18	0.00008132304
2161.91	0.00007749295
2192.04	0.00007384318
2222.60	0.00007036547
2253.58	0.00006705150
2284.99	0.00006389353
2316.84	0.00006088461
2349.14	0.00005801731
2381.89	0.00005528469
2415.09	0.00005268057
2448.75	0.00005019905
2482.89	0.00004783382
2517.50	0.00004556878
2552.59	0.00014940090
2588.17	0.00014244332
2624.25	0.00013578898
2660.83	0.00017786354
2697.92	0.00016969737
2735.53	0.00016190311
2773.66	0.00015446605
2812.32	0.00014736966
2851.53	0.00014059519
2891.27	0.00015242568
2931.58	0.00014535677
2972.44	0.00013861386
3013.88	0.00013218328
3055.89	0.00012605160
3098.48	0.00012020372
3141.68	0.00011462726
3185.47	0.00010930969
3229.87	0.00010423856
3274.90	0.00009940121
3320.55	0.00009477593
3366.83	0.00009026284
3413.76	0.00008595955
3461.35	0.00008186157
3509.60	0.00007795912
3558.52	0.00007424278
3608.13	0.00007070347
3658.42	0.00006733234
3709.42	0.00006412264
3761.12	0.00006106586
3813.55	0.00005815463
3866.71	0.00005538226
3920.61	0.00005272928
3975.26	0.00005017726
4030.68	0.00004773072
4086.86	0.00004540335
4143.83	0.00004318956
4201.59	0.00004108372
4260.16	0.00003908050
4319.54	0.00003717505
4379.76	0.00003536254
4440.81	0.00003363824
4502.71	0.00003199815
4565.48	0.00003043799
4629.12	0.00002895401
4693.64	0.00002754229
4759.07	0.00002619945
4825.41	0.00002491782
4892.67	0.00002368776
4960.87	0.00002251188
5030.03	0.00002139436
5100.14	0.00002033236
5171.23	0.00001932306
5243.32	0.00001836388
5316.41	0.00001745230
5390.52	0.00001658597
5465.66	0.00001576269
5541.85	0.00001498025
5619.10	0.00001423666
5697.42	0.00001353000
5776.84	0.00001285839
5857.37	0.00001222013
5939.02	0.00001161359
6021.80	0.00001103712
6105.74	0.00001048931
6190.85	0.00000996866
6277.15	0.00000947155
6364.65	0.00000899645
6453.37	0.00000854380
6543.33	0.00000811392
6634.54	0.00000770571
6727.02	0.00000731802
6820.79	0.00000694984
6915.87	0.00000660021
7012.27	0.00000626813
7110.02	0.00000595278
7209.13	0.00000565331
7309.62	0.00000536890
7411.51	0.00000509880
7514.83	0.00000484230
7619.58	0.00000459871
7725.79	0.00000436737
7833.48	0.00000414767
7942.68	0.00000393903
8053.40	0.00000374089
8165.66	0.00000355271
8279.48	0.00000337400
8394.89	0.00000320429
8511.91	0.00000304311
8630.56	0.00000289004
8750.87	0.00000274468
8872.85	0.00000260664
8996.53	0.00000247549
9121.94	0.00000235039
9249.10	0.00000223150
9378.02	0.00000211862
9508.75	0.00000201146
9641.29	0.00000190971
9775.69	0.00000181309
9911.96	0.00000172132
10050.13	0.00000163417
10190.22	0.00000155142
10332.26	0.00000147287
10476.29	0.00000139827
10622.32	0.00000132744
10770.39	0.00000126018
10920.53	0.00000119633
11072.75	0.00000113571
11227.10	0.00000107813
11383.60	0.00000102348
11542.28	0.00000097159
11703.17	0.00000092233
11866.31	0.00000087557
12031.72	0.00000083116
12199.44	0.00000078901
12369.49	0.00000074899
12541.91	0.00000071100
12716.74	0.00000067493
12894.01	0.00000064069
13073.74	0.00000060818
13255.98	0.00000057733
13440.76	0.00000054803
13628.12	0.00000052022
13818.09	0.00000049383
14010.71	0.00000046876
14206.01	0.00000044497
14404.03	0.00000042239
14604.82	0.00000040096
14808.40	0.00000038061
15014.82	0.00000036129
15224.12	0.00000034295
15436.34	0.00000032554
15651.51	0.00000030902
15869.68	0.00000029333
16090.90	0.00000027844
16315.20	0.00000026431
16542.62	0.00000025089
16773.21	0.00000023816
17007.03	0.00000022607
17244.09	0.00000021460
17484.47	0.00000020370
17728.19	0.00000019336
17975.31	0.00000018355
18225.88	0.00000017423
18479.94	0.00000016539
18737.54	0.00000015699
18998.73	0.00000014903
19263.56	0.00000014146
19532.08	0.00000013428
19804.35	0.00000012747
20080.41	0.00000081079
20360.32	0.00000077171
20644.13	0.00000073442
20931.90	0.00000069885
21223.68	0.00000066495
21519.53	0.00000063263
21819.50	0.00000060182
22123.65	0.00000057247
22432.04	0.00000054449
22744.73	0.00000051784
23061.78	0.00000049244
23383.25	0.00000046826
23709.20	0.00000044522
24039.70	0.00000042329
24374.79	0.00000040240
24714.57	0.00000038252
25059.07	0.00000036359
25408.38	0.00000034558
25762.56	0.00000032843
26121.68	0.00000031212
26485.80	0.00000029659
26855.00	0.00000028182
27229.34	0.00000026777
27608.91	0.00000025441
27993.76	0.00000024169
28383.98	0.00000022960
28779.63	0.00000021810
29180.81	0.00000020717
29587.57	0.00000019677
30000.01	0.00000018689
-1	-1

